3.141592653
5897932384
6264338327
9502884197
1693993751
0582097494
4592307816
4062862089
9862803482
5342117067
9821480865
1328230664
7093844609
5505822317
2535940812
8481117450
2841027019
3852110555
9644622948
9549303819
6442881097
5665933446
1284756482
3378678316
5271201909
1456485669
2346034861
0454326648
2133936072
6024914127
3724587006
6063155881
7488152092
0962829254
0917153643
6789259036
0011330530
5488204665
2138414695
1941511609
4330572703
6575959195
3092186117
3819326117
9310511854
8074462379
9627495673
5188575272
4891227938
1830119491
2983367336
2440656643
0860213949
4639522473
7190702179
8609437027
7053921717
6293176752
3846748184
6766940513
2000568127
1452635608
2778577134
2757789609
1736371787
2146844090
1224953430
1465495853
7105079227
9689258923
5420199561
1212902196
0864034418
1598136297
7477130996
0518707211
3499999983
7297804995
1059731732
8160963185
9502445945
5346908302
6425223082
5334468503
5261931188
1710100031
3783875288
6587533208
3814206171
7766914730
3598253490
4287554687
3115956286
3882353787
5937519577
8185778053
2171226806
6130019278
7661119590
9216420199
